16.07.2025 15:04:03
2								
11								
1								
Type		
1								
360								
2								
0								
4	0	0	6	0	2	0	4	0 3.924140
4	6	0	12	0	8	0	10	0 3.925270
4	12	0	18	0	14	0	16	0 3.923720
4	18	0	24	0	20	0	22	0 3.911550
4	24	0	30	0	26	0	28	0 3.923520
4	30	0	36	0	32	0	34	0 3.923040
4	36	0	42	0	38	0	40	0 3.923610
4	42	0	48	0	44	0	46	0 3.924750
4	48	0	54	0	50	0	52	0 3.924170
4	54	0	60	0	56	0	58	0 3.923830
4	60	0	66	0	62	0	64	0 3.924650
4	66	0	72	0	68	0	70	0 3.923600
4	72	0	78	0	74	0	76	0 3.922790
4	78	0	84	0	80	0	82	0 3.923680
4	84	0	90	0	86	0	88	0 3.924000
4	0	0	12	0	4	0	8	0 3.935620
4	6	0	18	0	10	0	14	0 3.924630
4	12	0	24	0	16	0	20	0 3.924150
4	18	0	30	0	22	0	26	0 3.923920
4	24	0	36	0	28	0	32	0 3.910860
4	30	0	42	0	34	0	38	0 3.924070
4	36	0	48	0	40	0	44	0 3.923480
4	42	0	54	0	46	0	50	0 3.924850
4	48	0	60	0	52	0	56	0 3.937110
4	54	0	66	0	58	0	62	0 3.924900
4	60	0	72	0	64	0	68	0 3.925130
4	66	0	78	0	70	0	74	0 3.923810
4	72	0	84	0	76	0	80	0 3.910950
4	78	0	90	0	82	0	86	0 3.923080
4	2	0	20	0	8	0	14	0 3.923610
4	4	0	22	0	10	0	16	0 3.924240
4	20	0	38	0	26	0	32	0 3.932390
4	22	0	40	0	28	0	34	0 3.923630
4	38	0	56	0	44	0	50	0 3.924870
4	40	0	58	0	46	0	52	0 3.910620
4	56	0	74	0	62	0	68	0 3.923440
4	58	0	76	0	64	0	70	0 3.923850
4	74	0	92	0	80	0	86	0 3.923850
4	76	0	94	0	82	0	88	0 3.934140
4	0	0	24	0	8	0	16	0 3.924490
4	18	0	42	0	26	0	34	0 3.924390
4	36	0	60	0	44	0	52	0 3.923720
4	54	0	78	0	62	0	70	0 3.922790
4	6	0	36	0	16	0	26	0 3.923630
4	24	0	54	0	34	0	44	0 3.923360
4	42	0	72	0	52	0	62	0 3.924500
4	60	0	90	0	70	0	80	0 3.923440
4	2	0	38	0	14	0	26	0 3.926100
4	4	0	40	0	16	0	28	0 3.924100
4	20	0	56	0	32	0	44	0 3.924800
4	22	0	58	0	34	0	46	0 3.924150
4	38	0	74	0	50	0	62	0 3.911520
4	40	0	76	0	52	0	64	0 3.922870
4	56	0	92	0	68	0	80	0 3.923570
4	58	0	94	0	70	0	82	0 3.923790
4	0	0	42	0	14	0	28	0 3.936400
4	18	0	60	0	32	0	46	0 3.924810
4	36	0	78	0	50	0	64	0 3.924160
4	0	0	48	0	16	0	32	0 3.911640
4	12	0	60	0	28	0	44	0 3.923500
4	18	0	66	0	34	0	50	0 3.923470
4	30	0	78	0	46	0	62	0 3.923780
4	36	0	84	0	52	0	68	0 3.928310
4	8	0	62	0	26	0	44	0 3.924440
4	10	0	64	0	28	0	46	0 3.924510
4	14	0	68	0	32	0	50	0 3.923680
4	16	0	70	0	34	0	52	0 3.923600
4	6	0	66	0	26	0	46	0 3.921000
4	12	0	72	0	32	0	52	0 3.924300
4	6	0	72	0	28	0	50	0 3.923240
4	2	0	74	0	26	0	50	0 3.924090
4	4	0	76	0	28	0	52	0 3.936020
4	0	0	78	0	26	0	52	0 3.924460
4	2	0	8	0	4	0	6	0 3.924490
4	8	0	14	0	10	0	12	0 3.923650
4	14	0	20	0	16	0	18	0 3.911840
4	20	0	26	0	22	0	24	0 3.922680
4	26	0	32	0	28	0	30	0 3.922430
4	32	0	38	0	34	0	36	0 3.936280
4	38	0	44	0	40	0	42	0 3.924450
4	44	0	50	0	46	0	48	0 3.923910
4	50	0	56	0	52	0	54	0 3.925080
4	56	0	62	0	58	0	60	0 3.922600
4	62	0	68	0	64	0	66	0 3.923470
4	68	0	74	0	70	0	72	0 3.923530
4	74	0	80	0	76	0	78	0 3.924830
4	80	0	86	0	82	0	84	0 3.923950
4	86	0	92	0	88	0	90	0 3.923920
4	2	0	14	0	6	0	10	0 3.924290
4	8	0	20	0	12	0	16	0 3.923850
4	14	0	26	0	18	0	22	0 3.923800
4	20	0	32	0	24	0	28	0 3.921180
4	26	0	38	0	30	0	34	0 3.922860
4	32	0	44	0	36	0	40	0 3.924010
4	38	0	50	0	42	0	46	0 3.923820
4	44	0	56	0	48	0	52	0 3.936630
4	50	0	62	0	54	0	58	0 3.923290
4	56	0	68	0	60	0	64	0 3.924200
4	62	0	74	0	66	0	70	0 3.923970
4	68	0	80	0	72	0	76	0 3.910880
4	74	0	86	0	78	0	82	0 3.923630
4	80	0	92	0	84	0	88	0 3.924200
4	0	0	18	0	6	0	12	0 3.937540
4	10	0	28	0	16	0	22	0 3.922970
4	18	0	36	0	24	0	30	0 3.923930
4	28	0	46	0	34	0	40	0 3.924400
4	36	0	54	0	42	0	48	0 3.910930
4	46	0	64	0	52	0	58	0 3.923540
4	54	0	72	0	60	0	66	0 3.923290
4	64	0	82	0	70	0	76	0 3.923980
4	72	0	90	0	78	0	84	0 3.929440
4	8	0	32	0	16	0	24	0 3.922840
4	14	0	38	0	22	0	30	0 3.924290
4	26	0	50	0	34	0	42	0 3.924320
4	32	0	56	0	40	0	48	0 3.923680
4	44	0	68	0	52	0	60	0 3.920220
4	50	0	74	0	58	0	66	0 3.923760
4	62	0	86	0	70	0	78	0 3.922600
4	68	0	92	0	76	0	84	0 3.924590
4	2	0	32	0	12	0	22	0 3.936690
4	14	0	44	0	24	0	34	0 3.924220
4	20	0	50	0	30	0	40	0 3.924470
4	32	0	62	0	42	0	52	0 3.910700
4	38	0	68	0	48	0	58	0 3.924920
4	50	0	80	0	60	0	70	0 3.923830
4	56	0	86	0	66	0	76	0 3.924060
4	0	0	36	0	12	0	24	0 3.937070
4	10	0	46	0	22	0	34	0 3.924270
4	18	0	54	0	30	0	42	0 3.924870
4	28	0	64	0	40	0	52	0 3.923320
4	36	0	72	0	48	0	60	0 3.912470
4	46	0	82	0	58	0	70	0 3.923170
4	54	0	90	0	66	0	78	0 3.923200
4	2	0	44	0	16	0	30	0 3.925210
4	20	0	62	0	34	0	48	0 3.923380
4	38	0	80	0	52	0	66	0 3.925650
4	8	0	56	0	24	0	40	0 3.923900
4	26	0	74	0	42	0	58	0 3.924840
4	44	0	92	0	60	0	76	0 3.923430
4	4	0	58	0	22	0	40	0 3.911480
4	6	0	60	0	24	0	42	0 3.923230
4	12	0	66	0	30	0	48	0 3.923830
4	34	0	88	0	52	0	70	0 3.924050
4	2	0	62	0	22	0	42	0 3.936190
4	8	0	74	0	30	0	52	0 3.924940
4	26	0	92	0	48	0	70	0 3.923360
4	0	0	72	0	24	0	48	0 3.910460
4	4	0	10	0	6	0	8	0 3.923720
4	10	0	16	0	12	0	14	0 3.924620
4	16	0	22	0	18	0	20	0 3.924580
4	22	0	28	0	24	0	26	0 3.934950
4	28	0	34	0	30	0	32	0 3.923830
4	34	0	40	0	36	0	38	0 3.923890
4	40	0	46	0	42	0	44	0 3.923760
4	46	0	52	0	48	0	50	0 3.911220
4	52	0	58	0	54	0	56	0 3.923370
4	58	0	64	0	60	0	62	0 3.922940
4	64	0	70	0	66	0	68	0 3.924760
4	70	0	76	0	72	0	74	0 3.923830
4	76	0	82	0	78	0	80	0 3.924620
4	82	0	88	0	84	0	86	0 3.923840
4	88	0	94	0	90	0	92	0 3.924450
4	4	0	16	0	8	0	12	0 3.923550
4	10	0	22	0	14	0	18	0 3.911100
4	16	0	28	0	20	0	24	0 3.923430
4	22	0	34	0	26	0	30	0 3.924140
4	28	0	40	0	32	0	36	0 3.931280
4	34	0	46	0	38	0	42	0 3.925550
4	40	0	52	0	44	0	48	0 3.924070
4	46	0	58	0	50	0	54	0 3.923690
4	52	0	64	0	56	0	60	0 3.911240
4	58	0	70	0	62	0	66	0 3.922960
4	64	0	76	0	68	0	72	0 3.923940
4	70	0	82	0	74	0	78	0 3.923550
4	76	0	88	0	80	0	84	0 3.934560
4	82	0	94	0	86	0	90	0 3.923900
4	6	0	24	0	12	0	18	0 3.924770
4	8	0	26	0	14	0	20	0 3.923790
4	24	0	42	0	30	0	36	0 3.923150
4	26	0	44	0	32	0	38	0 3.922810
4	42	0	60	0	48	0	54	0 3.922680
4	44	0	62	0	50	0	56	0 3.923370
4	60	0	78	0	66	0	72	0 3.924460
4	62	0	80	0	68	0	74	0 3.936370
4	4	0	28	0	12	0	20	0 3.925190
4	22	0	46	0	30	0	38	0 3.924770
4	40	0	64	0	48	0	56	0 3.923040
4	58	0	82	0	66	0	74	0 3.911450
4	10	0	40	0	20	0	30	0 3.923240
4	28	0	58	0	38	0	48	0 3.923800
4	46	0	76	0	56	0	66	0 3.936530
4	64	0	94	0	74	0	84	0 3.923630
4	6	0	42	0	18	0	30	0 3.924450
4	8	0	44	0	20	0	32	0 3.923910
4	24	0	60	0	36	0	48	0 3.915550
4	26	0	62	0	38	0	50	0 3.923000
4	42	0	78	0	54	0	66	0 3.923970
4	44	0	80	0	56	0	68	0 3.925070
4	4	0	46	0	18	0	32	0 3.924160
4	22	0	64	0	36	0	50	0 3.923950
4	40	0	82	0	54	0	68	0 3.924420
4	4	0	52	0	20	0	36	0 3.924780
4	16	0	64	0	32	0	48	0 3.923850
4	22	0	70	0	38	0	54	0 3.911180
4	34	0	82	0	50	0	66	0 3.924730
4	40	0	88	0	56	0	72	0 3.923860
4	0	0	54	0	18	0	36	0 3.923580
4	2	0	56	0	20	0	38	0 3.936860
4	30	0	84	0	48	0	66	0 3.924160
4	32	0	86	0	50	0	68	0 3.925210
4	28	0	88	0	48	0	68	0 3.911140
4	28	0	94	0	50	0	72	0 3.923710
4	10	0	94	0	38	0	66	0 3.924890
4	12	0	30	0	18	0	24	0 3.923820
4	14	0	32	0	20	0	26	0 3.937210
4	16	0	34	0	22	0	28	0 3.923890
4	30	0	48	0	36	0	42	0 3.923860
4	32	0	50	0	38	0	44	0 3.924550
4	34	0	52	0	40	0	46	0 3.915290
4	48	0	66	0	54	0	60	0 3.923930
4	50	0	68	0	56	0	62	0 3.923790
4	52	0	70	0	58	0	64	0 3.923870
4	66	0	84	0	72	0	78	0 3.936670
4	68	0	86	0	74	0	80	0 3.923300
4	70	0	88	0	76	0	82	0 3.924140
4	2	0	26	0	10	0	18	0 3.924030
4	12	0	36	0	20	0	28	0 3.923480
4	30	0	54	0	38	0	46	0 3.923390
4	48	0	72	0	56	0	64	0 3.923470
4	66	0	90	0	74	0	82	0 3.923810
4	0	0	30	0	10	0	20	0 3.924030
4	8	0	38	0	18	0	28	0 3.936900
4	36	0	66	0	46	0	56	0 3.924100
4	54	0	84	0	64	0	74	0 3.923110
4	16	0	52	0	28	0	40	0 3.920590
4	32	0	68	0	44	0	56	0 3.922660
4	34	0	70	0	46	0	58	0 3.924730
4	50	0	86	0	62	0	74	0 3.923910
4	52	0	88	0	64	0	76	0 3.937400
4	14	0	56	0	28	0	42	0 3.924280
4	30	0	72	0	44	0	58	0 3.925310
4	32	0	74	0	46	0	60	0 3.923320
4	48	0	90	0	62	0	76	0 3.915780
4	50	0	92	0	64	0	78	0 3.923870
4	28	0	76	0	44	0	60	0 3.923750
4	46	0	94	0	62	0	78	0 3.924770
4	22	0	76	0	40	0	58	0 3.923620
4	24	0	78	0	42	0	60	0 3.926830
4	26	0	80	0	44	0	62	0 3.924400
4	0	0	60	0	20	0	40	0 3.924300
4	22	0	82	0	42	0	62	0 3.923190
4	24	0	84	0	44	0	64	0 3.910600
4	18	0	84	0	40	0	62	0 3.923240
4	20	0	86	0	42	0	64	0 3.924660
4	16	0	88	0	40	0	64	0 3.926730
4	6	0	30	0	14	0	22	0 3.924580
4	10	0	34	0	18	0	26	0 3.924200
4	16	0	40	0	24	0	32	0 3.923940
4	20	0	44	0	28	0	36	0 3.910750
4	34	0	58	0	42	0	50	0 3.922750
4	38	0	62	0	46	0	54	0 3.923760
4	52	0	76	0	60	0	68	0 3.923880
4	56	0	80	0	64	0	72	0 3.933390
4	70	0	94	0	78	0	86	0 3.925720
4	4	0	34	0	14	0	24	0 3.925350
4	12	0	42	0	22	0	32	0 3.923870
4	16	0	46	0	26	0	36	0 3.922710
4	40	0	70	0	50	0	60	0 3.923140
4	44	0	74	0	54	0	64	0 3.923690
4	58	0	88	0	68	0	78	0 3.923440
4	62	0	92	0	72	0	82	0 3.924980
4	12	0	48	0	24	0	36	0 3.926010
4	48	0	84	0	60	0	72	0 3.923790
4	8	0	50	0	22	0	36	0 3.924210
4	18	0	72	0	36	0	54	0 3.923620
4	10	0	76	0	32	0	54	0 3.910600
4	12	0	84	0	36	0	60	0 3.924240
4	2	0	80	0	28	0	54	0 3.924230
4	4	0	88	0	32	0	60	0 3.936640
4	8	0	92	0	36	0	64	0 3.923620
4	24	0	48	0	32	0	40	0 3.924160
4	28	0	52	0	36	0	44	0 3.924070
4	42	0	66	0	50	0	58	0 3.911370
4	46	0	70	0	54	0	62	0 3.923340
4	60	0	84	0	68	0	76	0 3.924620
4	64	0	88	0	72	0	80	0 3.924300
4	30	0	60	0	40	0	50	0 3.937170
4	34	0	64	0	44	0	54	0 3.923810
4	48	0	78	0	58	0	68	0 3.924420
4	52	0	82	0	62	0	72	0 3.923610
4	14	0	50	0	26	0	38	0 3.923570
4	12	0	54	0	26	0	40	0 3.924930
4	44	0	86	0	58	0	72	0 3.924230
4	6	0	54	0	22	0	38	0 3.924320
4	24	0	72	0	40	0	56	0 3.924410
4	42	0	90	0	58	0	74	0 3.928260
4	20	0	74	0	38	0	56	0 3.923820
4	40	0	94	0	58	0	76	0 3.924320
4	16	0	76	0	36	0	56	0 3.923040
4	18	0	78	0	38	0	58	0 3.924250
4	14	0	80	0	36	0	58	0 3.924430
4	8	0	80	0	32	0	56	0 3.923950
4	14	0	86	0	38	0	62	0 3.936930
4	6	0	84	0	32	0	58	0 3.924590
4	10	0	88	0	36	0	62	0 3.923370
4	2	0	92	0	32	0	62	0 3.924220
4	18	0	48	0	28	0	38	0 3.922440
4	22	0	52	0	32	0	42	0 3.923470
4	26	0	56	0	36	0	46	0 3.923650
4	30	0	66	0	42	0	54	0 3.923760
4	6	0	48	0	20	0	34	0 3.924200
4	10	0	52	0	24	0	38	0 3.924640
4	26	0	68	0	40	0	54	0 3.923660
4	46	0	88	0	60	0	74	0 3.924700
4	38	0	86	0	54	0	70	0 3.923670
4	36	0	90	0	54	0	72	0 3.909850
4	4	0	64	0	24	0	44	0 3.924200
4	14	0	74	0	34	0	54	0 3.923810
4	20	0	80	0	40	0	60	0 3.923690
4	30	0	90	0	50	0	70	0 3.936470
4	10	0	82	0	34	0	58	0 3.924250
4	8	0	86	0	34	0	60	0 3.923600
4	6	0	90	0	34	0	62	0 3.911470
4	16	0	58	0	30	0	44	0 3.923800
4	24	0	66	0	38	0	52	0 3.923920
4	28	0	70	0	42	0	56	0 3.923470
4	34	0	76	0	48	0	62	0 3.923820
4	10	0	58	0	26	0	42	0 3.924210
4	14	0	62	0	30	0	46	0 3.924820
4	20	0	68	0	36	0	52	0 3.924360
4	32	0	80	0	48	0	64	0 3.923530
4	28	0	82	0	46	0	64	0 3.917920
4	38	0	92	0	56	0	74	0 3.923300
4	10	0	70	0	30	0	50	0 3.924980
4	32	0	92	0	52	0	72	0 3.923660
4	34	0	94	0	54	0	74	0 3.936900
4	0	0	66	0	22	0	44	0 3.923980
4	4	0	70	0	26	0	48	0 3.924560
4	6	0	78	0	30	0	54	0 3.923980
4	4	0	82	0	30	0	56	0 3.912750
4	0	0	90	0	30	0	60	0 3.924150
4	42	0	84	0	56	0	70	0 3.922900
4	52	0	94	0	66	0	80	0 3.937030
4	2	0	50	0	18	0	34	0 3.924280
4	8	0	68	0	28	0	48	0 3.924540
4	26	0	86	0	46	0	66	0 3.923960
4	2	0	68	0	24	0	46	0 3.923310
4	12	0	78	0	34	0	56	0 3.922290
4	16	0	82	0	38	0	60	0 3.922940
4	22	0	88	0	44	0	66	0 3.923740
4	22	0	94	0	46	0	70	0 3.923630
4	12	0	90	0	38	0	64	0 3.923940
4	14	0	92	0	40	0	66	0 3.924180
4	0	0	84	0	28	0	56	0 3.924840
4	2	0	86	0	30	0	58	0 3.923230
4	4	0	94	0	34	0	64	0 3.911600
4	24	0	90	0	46	0	68	0 3.923420
4	18	0	90	0	42	0	66	0 3.924080
4	20	0	92	0	44	0	68	0 3.924730
4	16	0	94	0	42	0	68	0 3.934840
0								
0								
0								
0								
