38
# x y z
0	0	108.8
1.5692	0	110.04
3.13841	0	111.28
4.70761	0	112.52
6.27681	0	113.76
7.84602	0	115
9.41522	0	116.24
10.9844	0	117.48
12.5536	0	118.72
14.1228	0	119.96
15.692	0	121.2
17.692	0	121.2
19.692	0	121.2
21.692	0	121.2
23.692	0	121.2
25.692	0	121.2
27.692	0	121.2
29.692	0	121.2
31.692	0	121.2
33.452	0	120.25
35.212	0	119.3
37.212	0	119.3
39.212	0	119.3
41.212	0	119.3
43.1405	0	118.77
44.8365	0	117.71
46.5325	0	116.65
48.2285	0	115.59
49.9245	0	114.53
51.853	0	114
53.853	0	114
55.853	0	114
57.853	0	114
59.5167	0	112.89
61.1804	0	111.78
62.8441	0	110.67
64.5078	0	109.56
66.1715	0	108.45
222
# a b m n err i ip iperr k r rhoa u valid 
1	4	2	3	0.00000000000000e+00	0.00000000000000e+00	0.00000000000000e+00	0.00000000000000e+00	0.00000000000000e+00	1.18411000000000e+00	0.00000000000000e+00	0.00000000000000e+00	1
2	5	3	4	0.00000000000000e+00	0.00000000000000e+00	0.00000000000000e+00	0.00000000000000e+00	0.00000000000000e+00	1.54858000000000e+00	0.00000000000000e+00	0.00000000000000e+00	1
3	6	4	5	0.00000000000000e+00	0.00000000000000e+00	0.00000000000000e+00	0.00000000000000e+00	0.00000000000000e+00	1.62020000000000e+00	0.00000000000000e+00	0.00000000000000e+00	1
4	7	5	6	0.00000000000000e+00	0.00000000000000e+00	0.00000000000000e+00	0.00000000000000e+00	0.00000000000000e+00	1.87962000000000e+00	0.00000000000000e+00	0.00000000000000e+00	1
5	8	6	7	0.00000000000000e+00	0.00000000000000e+00	0.00000000000000e+00	0.00000000000000e+00	0.00000000000000e+00	1.87723000000000e+00	0.00000000000000e+00	0.00000000000000e+00	1
6	9	7	8	0.00000000000000e+00	0.00000000000000e+00	0.00000000000000e+00	0.00000000000000e+00	0.00000000000000e+00	1.76025000000000e+00	0.00000000000000e+00	0.00000000000000e+00	1
7	10	8	9	0.00000000000000e+00	0.00000000000000e+00	0.00000000000000e+00	0.00000000000000e+00	0.00000000000000e+00	1.87644000000000e+00	0.00000000000000e+00	0.00000000000000e+00	1
8	11	9	10	0.00000000000000e+00	0.00000000000000e+00	0.00000000000000e+00	0.00000000000000e+00	0.00000000000000e+00	1.85018000000000e+00	0.00000000000000e+00	0.00000000000000e+00	1
9	12	10	11	0.00000000000000e+00	0.00000000000000e+00	0.00000000000000e+00	0.00000000000000e+00	0.00000000000000e+00	2.27592000000000e+00	0.00000000000000e+00	0.00000000000000e+00	1
10	13	11	12	0.00000000000000e+00	0.00000000000000e+00	0.00000000000000e+00	0.00000000000000e+00	0.00000000000000e+00	1.78254000000000e+00	0.00000000000000e+00	0.00000000000000e+00	1
11	14	12	13	0.00000000000000e+00	0.00000000000000e+00	0.00000000000000e+00	0.00000000000000e+00	0.00000000000000e+00	1.41966000000000e+00	0.00000000000000e+00	0.00000000000000e+00	1
12	15	13	14	0.00000000000000e+00	0.00000000000000e+00	0.00000000000000e+00	0.00000000000000e+00	0.00000000000000e+00	1.87644000000000e+00	0.00000000000000e+00	0.00000000000000e+00	1
13	16	14	15	0.00000000000000e+00	0.00000000000000e+00	0.00000000000000e+00	0.00000000000000e+00	0.00000000000000e+00	1.50561000000000e+00	0.00000000000000e+00	0.00000000000000e+00	1
14	17	15	16	0.00000000000000e+00	0.00000000000000e+00	0.00000000000000e+00	0.00000000000000e+00	0.00000000000000e+00	1.64487000000000e+00	0.00000000000000e+00	0.00000000000000e+00	1
15	18	16	17	0.00000000000000e+00	0.00000000000000e+00	0.00000000000000e+00	0.00000000000000e+00	0.00000000000000e+00	1.42125000000000e+00	0.00000000000000e+00	0.00000000000000e+00	1
16	19	17	18	0.00000000000000e+00	0.00000000000000e+00	0.00000000000000e+00	0.00000000000000e+00	0.00000000000000e+00	1.80880000000000e+00	0.00000000000000e+00	0.00000000000000e+00	1
17	20	18	19	0.00000000000000e+00	0.00000000000000e+00	0.00000000000000e+00	0.00000000000000e+00	0.00000000000000e+00	9.04796000000000e-01	0.00000000000000e+00	0.00000000000000e+00	1
18	21	19	20	0.00000000000000e+00	0.00000000000000e+00	0.00000000000000e+00	0.00000000000000e+00	0.00000000000000e+00	2.02923000000000e+00	0.00000000000000e+00	0.00000000000000e+00	1
19	22	20	21	0.00000000000000e+00	0.00000000000000e+00	0.00000000000000e+00	0.00000000000000e+00	0.00000000000000e+00	1.58200000000000e+00	0.00000000000000e+00	0.00000000000000e+00	1
20	23	21	22	0.00000000000000e+00	0.00000000000000e+00	0.00000000000000e+00	0.00000000000000e+00	0.00000000000000e+00	2.05787000000000e+00	0.00000000000000e+00	0.00000000000000e+00	1
21	24	22	23	0.00000000000000e+00	0.00000000000000e+00	0.00000000000000e+00	0.00000000000000e+00	0.00000000000000e+00	2.06901000000000e+00	0.00000000000000e+00	0.00000000000000e+00	1
22	25	23	24	0.00000000000000e+00	0.00000000000000e+00	0.00000000000000e+00	0.00000000000000e+00	0.00000000000000e+00	1.80800000000000e+00	0.00000000000000e+00	0.00000000000000e+00	1
23	26	24	25	0.00000000000000e+00	0.00000000000000e+00	0.00000000000000e+00	0.00000000000000e+00	0.00000000000000e+00	1.89951000000000e+00	0.00000000000000e+00	0.00000000000000e+00	1
24	27	25	26	0.00000000000000e+00	0.00000000000000e+00	0.00000000000000e+00	0.00000000000000e+00	0.00000000000000e+00	1.88996000000000e+00	0.00000000000000e+00	0.00000000000000e+00	1
25	28	26	27	0.00000000000000e+00	0.00000000000000e+00	0.00000000000000e+00	0.00000000000000e+00	0.00000000000000e+00	1.70057000000000e+00	0.00000000000000e+00	0.00000000000000e+00	1
26	29	27	28	0.00000000000000e+00	0.00000000000000e+00	0.00000000000000e+00	0.00000000000000e+00	0.00000000000000e+00	2.29183000000000e+00	0.00000000000000e+00	0.00000000000000e+00	1
27	30	28	29	0.00000000000000e+00	0.00000000000000e+00	0.00000000000000e+00	0.00000000000000e+00	0.00000000000000e+00	1.93055000000000e+00	0.00000000000000e+00	0.00000000000000e+00	1
28	31	29	30	0.00000000000000e+00	0.00000000000000e+00	0.00000000000000e+00	0.00000000000000e+00	0.00000000000000e+00	2.66982000000000e+00	0.00000000000000e+00	0.00000000000000e+00	1
29	32	30	31	0.00000000000000e+00	0.00000000000000e+00	0.00000000000000e+00	0.00000000000000e+00	0.00000000000000e+00	1.55574000000000e+00	0.00000000000000e+00	0.00000000000000e+00	1
30	33	31	32	0.00000000000000e+00	0.00000000000000e+00	0.00000000000000e+00	0.00000000000000e+00	0.00000000000000e+00	2.54409000000000e+00	0.00000000000000e+00	0.00000000000000e+00	1
31	34	32	33	0.00000000000000e+00	0.00000000000000e+00	0.00000000000000e+00	0.00000000000000e+00	0.00000000000000e+00	9.62092000000000e-01	0.00000000000000e+00	0.00000000000000e+00	1
32	35	33	34	0.00000000000000e+00	0.00000000000000e+00	0.00000000000000e+00	0.00000000000000e+00	0.00000000000000e+00	1.98148000000000e+00	0.00000000000000e+00	0.00000000000000e+00	1
33	36	34	35	0.00000000000000e+00	0.00000000000000e+00	0.00000000000000e+00	0.00000000000000e+00	0.00000000000000e+00	1.52630000000000e+00	0.00000000000000e+00	0.00000000000000e+00	1
34	37	35	36	0.00000000000000e+00	0.00000000000000e+00	0.00000000000000e+00	0.00000000000000e+00	0.00000000000000e+00	1.90031000000000e+00	0.00000000000000e+00	0.00000000000000e+00	1
35	38	36	37	0.00000000000000e+00	0.00000000000000e+00	0.00000000000000e+00	0.00000000000000e+00	0.00000000000000e+00	2.31968000000000e+00	0.00000000000000e+00	0.00000000000000e+00	1
1	7	3	5	0.00000000000000e+00	0.00000000000000e+00	0.00000000000000e+00	0.00000000000000e+00	0.00000000000000e+00	5.34363000000000e-01	0.00000000000000e+00	0.00000000000000e+00	1
2	8	4	6	0.00000000000000e+00	0.00000000000000e+00	0.00000000000000e+00	0.00000000000000e+00	0.00000000000000e+00	7.05852000000000e-01	0.00000000000000e+00	0.00000000000000e+00	1
3	9	5	7	0.00000000000000e+00	0.00000000000000e+00	0.00000000000000e+00	0.00000000000000e+00	0.00000000000000e+00	6.64472000000000e-01	0.00000000000000e+00	0.00000000000000e+00	1
4	10	6	8	0.00000000000000e+00	0.00000000000000e+00	0.00000000000000e+00	0.00000000000000e+00	0.00000000000000e+00	6.14338000000000e-01	0.00000000000000e+00	0.00000000000000e+00	1
5	11	7	9	0.00000000000000e+00	0.00000000000000e+00	0.00000000000000e+00	0.00000000000000e+00	0.00000000000000e+00	5.43912000000000e-01	0.00000000000000e+00	0.00000000000000e+00	1
6	12	8	10	0.00000000000000e+00	0.00000000000000e+00	0.00000000000000e+00	0.00000000000000e+00	0.00000000000000e+00	6.47761000000000e-01	0.00000000000000e+00	0.00000000000000e+00	1
7	13	9	11	0.00000000000000e+00	0.00000000000000e+00	0.00000000000000e+00	0.00000000000000e+00	0.00000000000000e+00	1.00586000000000e+00	0.00000000000000e+00	0.00000000000000e+00	1
8	14	10	12	0.00000000000000e+00	0.00000000000000e+00	0.00000000000000e+00	0.00000000000000e+00	0.00000000000000e+00	7.63546000000000e-01	0.00000000000000e+00	0.00000000000000e+00	1
9	15	11	13	0.00000000000000e+00	0.00000000000000e+00	0.00000000000000e+00	0.00000000000000e+00	0.00000000000000e+00	4.51602000000000e-01	0.00000000000000e+00	0.00000000000000e+00	1
10	16	12	14	0.00000000000000e+00	0.00000000000000e+00	0.00000000000000e+00	0.00000000000000e+00	0.00000000000000e+00	4.40859000000000e-01	0.00000000000000e+00	0.00000000000000e+00	1
11	17	13	15	0.00000000000000e+00	0.00000000000000e+00	0.00000000000000e+00	0.00000000000000e+00	0.00000000000000e+00	6.97497000000000e-01	0.00000000000000e+00	0.00000000000000e+00	1
12	18	14	16	0.00000000000000e+00	0.00000000000000e+00	0.00000000000000e+00	0.00000000000000e+00	0.00000000000000e+00	5.57440000000000e-01	0.00000000000000e+00	0.00000000000000e+00	1
13	19	15	17	0.00000000000000e+00	0.00000000000000e+00	0.00000000000000e+00	0.00000000000000e+00	0.00000000000000e+00	5.35954000000000e-01	0.00000000000000e+00	0.00000000000000e+00	1
14	20	16	18	0.00000000000000e+00	0.00000000000000e+00	0.00000000000000e+00	0.00000000000000e+00	0.00000000000000e+00	4.91391000000000e-01	0.00000000000000e+00	0.00000000000000e+00	1
15	21	17	19	0.00000000000000e+00	0.00000000000000e+00	0.00000000000000e+00	0.00000000000000e+00	0.00000000000000e+00	3.77993000000000e-01	0.00000000000000e+00	0.00000000000000e+00	1
16	22	18	20	0.00000000000000e+00	0.00000000000000e+00	0.00000000000000e+00	0.00000000000000e+00	0.00000000000000e+00	4.94176000000000e-01	0.00000000000000e+00	0.00000000000000e+00	1
17	23	19	21	0.00000000000000e+00	0.00000000000000e+00	0.00000000000000e+00	0.00000000000000e+00	0.00000000000000e+00	7.61954000000000e-01	0.00000000000000e+00	0.00000000000000e+00	1
18	24	20	22	0.00000000000000e+00	0.00000000000000e+00	0.00000000000000e+00	0.00000000000000e+00	0.00000000000000e+00	9.15141000000000e-01	0.00000000000000e+00	0.00000000000000e+00	1
19	25	21	23	0.00000000000000e+00	0.00000000000000e+00	0.00000000000000e+00	0.00000000000000e+00	0.00000000000000e+00	8.54662000000000e-01	0.00000000000000e+00	0.00000000000000e+00	1
20	26	22	24	0.00000000000000e+00	0.00000000000000e+00	0.00000000000000e+00	0.00000000000000e+00	0.00000000000000e+00	7.58373000000000e-01	0.00000000000000e+00	0.00000000000000e+00	1
21	27	23	25	0.00000000000000e+00	0.00000000000000e+00	0.00000000000000e+00	0.00000000000000e+00	0.00000000000000e+00	7.58771000000000e-01	0.00000000000000e+00	0.00000000000000e+00	1
22	28	24	26	0.00000000000000e+00	0.00000000000000e+00	0.00000000000000e+00	0.00000000000000e+00	0.00000000000000e+00	7.97366000000000e-01	0.00000000000000e+00	0.00000000000000e+00	1
23	29	25	27	0.00000000000000e+00	0.00000000000000e+00	0.00000000000000e+00	0.00000000000000e+00	0.00000000000000e+00	8.85697000000000e-01	0.00000000000000e+00	0.00000000000000e+00	1
24	30	26	28	0.00000000000000e+00	0.00000000000000e+00	0.00000000000000e+00	0.00000000000000e+00	0.00000000000000e+00	8.39144000000000e-01	0.00000000000000e+00	0.00000000000000e+00	1
25	31	27	29	0.00000000000000e+00	0.00000000000000e+00	0.00000000000000e+00	0.00000000000000e+00	0.00000000000000e+00	8.80127000000000e-01	0.00000000000000e+00	0.00000000000000e+00	1
26	32	28	30	0.00000000000000e+00	0.00000000000000e+00	0.00000000000000e+00	0.00000000000000e+00	0.00000000000000e+00	9.37423000000000e-01	0.00000000000000e+00	0.00000000000000e+00	1
27	33	29	31	0.00000000000000e+00	0.00000000000000e+00	0.00000000000000e+00	0.00000000000000e+00	0.00000000000000e+00	8.08507000000000e-01	0.00000000000000e+00	0.00000000000000e+00	1
28	34	30	32	0.00000000000000e+00	0.00000000000000e+00	0.00000000000000e+00	0.00000000000000e+00	0.00000000000000e+00	6.51342000000000e-01	0.00000000000000e+00	0.00000000000000e+00	1
29	35	31	33	0.00000000000000e+00	0.00000000000000e+00	0.00000000000000e+00	0.00000000000000e+00	0.00000000000000e+00	4.83831000000000e-01	0.00000000000000e+00	0.00000000000000e+00	1
30	36	32	34	0.00000000000000e+00	0.00000000000000e+00	0.00000000000000e+00	0.00000000000000e+00	0.00000000000000e+00	4.92982000000000e-01	0.00000000000000e+00	0.00000000000000e+00	1
31	37	33	35	0.00000000000000e+00	0.00000000000000e+00	0.00000000000000e+00	0.00000000000000e+00	0.00000000000000e+00	5.10092000000000e-01	0.00000000000000e+00	0.00000000000000e+00	1
32	38	34	36	0.00000000000000e+00	0.00000000000000e+00	0.00000000000000e+00	0.00000000000000e+00	0.00000000000000e+00	7.33306000000000e-01	0.00000000000000e+00	0.00000000000000e+00	1
1	10	4	7	0.00000000000000e+00	0.00000000000000e+00	0.00000000000000e+00	0.00000000000000e+00	0.00000000000000e+00	3.77728000000000e-01	0.00000000000000e+00	0.00000000000000e+00	1
2	11	5	8	0.00000000000000e+00	0.00000000000000e+00	0.00000000000000e+00	0.00000000000000e+00	0.00000000000000e+00	3.04782000000000e-01	0.00000000000000e+00	0.00000000000000e+00	1
3	12	6	9	0.00000000000000e+00	0.00000000000000e+00	0.00000000000000e+00	0.00000000000000e+00	0.00000000000000e+00	2.68707000000000e-01	0.00000000000000e+00	0.00000000000000e+00	1
4	13	7	10	0.00000000000000e+00	0.00000000000000e+00	0.00000000000000e+00	0.00000000000000e+00	0.00000000000000e+00	3.24941000000000e-01	0.00000000000000e+00	0.00000000000000e+00	1
5	14	8	11	0.00000000000000e+00	0.00000000000000e+00	0.00000000000000e+00	0.00000000000000e+00	0.00000000000000e+00	4.48552000000000e-01	0.00000000000000e+00	0.00000000000000e+00	1
6	15	9	12	0.00000000000000e+00	0.00000000000000e+00	0.00000000000000e+00	0.00000000000000e+00	0.00000000000000e+00	4.27066000000000e-01	0.00000000000000e+00	0.00000000000000e+00	1
7	16	10	13	0.00000000000000e+00	0.00000000000000e+00	0.00000000000000e+00	0.00000000000000e+00	0.00000000000000e+00	3.63404000000000e-01	0.00000000000000e+00	0.00000000000000e+00	1
8	17	11	14	0.00000000000000e+00	0.00000000000000e+00	0.00000000000000e+00	0.00000000000000e+00	0.00000000000000e+00	2.45629000000000e-01	0.00000000000000e+00	0.00000000000000e+00	1
9	18	12	15	0.00000000000000e+00	0.00000000000000e+00	0.00000000000000e+00	0.00000000000000e+00	0.00000000000000e+00	2.22552000000000e-01	0.00000000000000e+00	0.00000000000000e+00	1
10	19	13	16	0.00000000000000e+00	0.00000000000000e+00	0.00000000000000e+00	0.00000000000000e+00	0.00000000000000e+00	3.15923000000000e-01	0.00000000000000e+00	0.00000000000000e+00	1
11	20	14	17	0.00000000000000e+00	0.00000000000000e+00	0.00000000000000e+00	0.00000000000000e+00	0.00000000000000e+00	3.43244000000000e-01	0.00000000000000e+00	0.00000000000000e+00	1
12	21	15	18	0.00000000000000e+00	0.00000000000000e+00	0.00000000000000e+00	0.00000000000000e+00	0.00000000000000e+00	3.08230000000000e-01	0.00000000000000e+00	0.00000000000000e+00	1
13	22	16	19	0.00000000000000e+00	0.00000000000000e+00	0.00000000000000e+00	0.00000000000000e+00	0.00000000000000e+00	2.20695000000000e-01	0.00000000000000e+00	0.00000000000000e+00	1
14	23	17	20	0.00000000000000e+00	0.00000000000000e+00	0.00000000000000e+00	0.00000000000000e+00	0.00000000000000e+00	2.75073000000000e-01	0.00000000000000e+00	0.00000000000000e+00	1
15	24	18	21	0.00000000000000e+00	0.00000000000000e+00	0.00000000000000e+00	0.00000000000000e+00	0.00000000000000e+00	3.96561000000000e-01	0.00000000000000e+00	0.00000000000000e+00	1
16	25	19	22	0.00000000000000e+00	0.00000000000000e+00	0.00000000000000e+00	0.00000000000000e+00	0.00000000000000e+00	5.93383000000000e-01	0.00000000000000e+00	0.00000000000000e+00	1
17	26	20	23	0.00000000000000e+00	0.00000000000000e+00	0.00000000000000e+00	0.00000000000000e+00	0.00000000000000e+00	6.42986000000000e-01	0.00000000000000e+00	0.00000000000000e+00	1
18	27	21	24	0.00000000000000e+00	0.00000000000000e+00	0.00000000000000e+00	0.00000000000000e+00	0.00000000000000e+00	5.44840000000000e-01	0.00000000000000e+00	0.00000000000000e+00	1
19	28	22	25	0.00000000000000e+00	0.00000000000000e+00	0.00000000000000e+00	0.00000000000000e+00	0.00000000000000e+00	3.50141000000000e-01	0.00000000000000e+00	0.00000000000000e+00	1
20	29	23	26	0.00000000000000e+00	0.00000000000000e+00	0.00000000000000e+00	0.00000000000000e+00	0.00000000000000e+00	3.39531000000000e-01	0.00000000000000e+00	0.00000000000000e+00	1
21	30	24	27	0.00000000000000e+00	0.00000000000000e+00	0.00000000000000e+00	0.00000000000000e+00	0.00000000000000e+00	3.41122000000000e-01	0.00000000000000e+00	0.00000000000000e+00	1
22	31	25	28	0.00000000000000e+00	0.00000000000000e+00	0.00000000000000e+00	0.00000000000000e+00	0.00000000000000e+00	4.94441000000000e-01	0.00000000000000e+00	0.00000000000000e+00	1
23	32	26	29	0.00000000000000e+00	0.00000000000000e+00	0.00000000000000e+00	0.00000000000000e+00	0.00000000000000e+00	6.13012000000000e-01	0.00000000000000e+00	0.00000000000000e+00	1
24	33	27	30	0.00000000000000e+00	0.00000000000000e+00	0.00000000000000e+00	0.00000000000000e+00	0.00000000000000e+00	7.33970000000000e-01	0.00000000000000e+00	0.00000000000000e+00	1
25	34	28	31	0.00000000000000e+00	0.00000000000000e+00	0.00000000000000e+00	0.00000000000000e+00	0.00000000000000e+00	5.49880000000000e-01	0.00000000000000e+00	0.00000000000000e+00	1
26	35	29	32	0.00000000000000e+00	0.00000000000000e+00	0.00000000000000e+00	0.00000000000000e+00	0.00000000000000e+00	4.97094000000000e-01	0.00000000000000e+00	0.00000000000000e+00	1
27	36	30	33	0.00000000000000e+00	0.00000000000000e+00	0.00000000000000e+00	0.00000000000000e+00	0.00000000000000e+00	2.41120000000000e-01	0.00000000000000e+00	0.00000000000000e+00	1
28	37	31	34	0.00000000000000e+00	0.00000000000000e+00	0.00000000000000e+00	0.00000000000000e+00	0.00000000000000e+00	2.08493000000000e-01	0.00000000000000e+00	0.00000000000000e+00	1
29	38	32	35	0.00000000000000e+00	0.00000000000000e+00	0.00000000000000e+00	0.00000000000000e+00	0.00000000000000e+00	2.15124000000000e-01	0.00000000000000e+00	0.00000000000000e+00	1
1	13	5	9	0.00000000000000e+00	0.00000000000000e+00	0.00000000000000e+00	0.00000000000000e+00	0.00000000000000e+00	1.99938000000000e-01	0.00000000000000e+00	0.00000000000000e+00	1
2	14	6	10	0.00000000000000e+00	0.00000000000000e+00	0.00000000000000e+00	0.00000000000000e+00	0.00000000000000e+00	2.25204000000000e-01	0.00000000000000e+00	0.00000000000000e+00	1
3	15	7	11	0.00000000000000e+00	0.00000000000000e+00	0.00000000000000e+00	0.00000000000000e+00	0.00000000000000e+00	2.31968000000000e-01	0.00000000000000e+00	0.00000000000000e+00	1
4	16	8	12	0.00000000000000e+00	0.00000000000000e+00	0.00000000000000e+00	0.00000000000000e+00	0.00000000000000e+00	2.19236000000000e-01	0.00000000000000e+00	0.00000000000000e+00	1
5	17	9	13	0.00000000000000e+00	0.00000000000000e+00	0.00000000000000e+00	0.00000000000000e+00	0.00000000000000e+00	2.16252000000000e-01	0.00000000000000e+00	0.00000000000000e+00	1
6	18	10	14	0.00000000000000e+00	0.00000000000000e+00	0.00000000000000e+00	0.00000000000000e+00	0.00000000000000e+00	2.10283000000000e-01	0.00000000000000e+00	0.00000000000000e+00	1
7	19	11	15	0.00000000000000e+00	0.00000000000000e+00	0.00000000000000e+00	0.00000000000000e+00	0.00000000000000e+00	1.69500000000000e-01	0.00000000000000e+00	0.00000000000000e+00	1
8	20	12	16	0.00000000000000e+00	0.00000000000000e+00	0.00000000000000e+00	0.00000000000000e+00	0.00000000000000e+00	1.67511000000000e-01	0.00000000000000e+00	0.00000000000000e+00	1
9	21	13	17	0.00000000000000e+00	0.00000000000000e+00	0.00000000000000e+00	0.00000000000000e+00	0.00000000000000e+00	1.95960000000000e-01	0.00000000000000e+00	0.00000000000000e+00	1
10	22	14	18	0.00000000000000e+00	0.00000000000000e+00	0.00000000000000e+00	0.00000000000000e+00	0.00000000000000e+00	1.88002000000000e-01	0.00000000000000e+00	0.00000000000000e+00	1
11	23	15	19	0.00000000000000e+00	0.00000000000000e+00	0.00000000000000e+00	0.00000000000000e+00	0.00000000000000e+00	1.90389000000000e-01	0.00000000000000e+00	0.00000000000000e+00	1
12	24	16	20	0.00000000000000e+00	0.00000000000000e+00	0.00000000000000e+00	0.00000000000000e+00	0.00000000000000e+00	2.06504000000000e-01	0.00000000000000e+00	0.00000000000000e+00	1
13	25	17	21	0.00000000000000e+00	0.00000000000000e+00	0.00000000000000e+00	0.00000000000000e+00	0.00000000000000e+00	2.82898000000000e-01	0.00000000000000e+00	0.00000000000000e+00	1
14	26	18	22	0.00000000000000e+00	0.00000000000000e+00	0.00000000000000e+00	0.00000000000000e+00	0.00000000000000e+00	3.90526000000000e-01	0.00000000000000e+00	0.00000000000000e+00	1
15	27	19	23	0.00000000000000e+00	0.00000000000000e+00	0.00000000000000e+00	0.00000000000000e+00	0.00000000000000e+00	4.42849000000000e-01	0.00000000000000e+00	0.00000000000000e+00	1
16	28	20	24	0.00000000000000e+00	0.00000000000000e+00	0.00000000000000e+00	0.00000000000000e+00	0.00000000000000e+00	3.48748000000000e-01	0.00000000000000e+00	0.00000000000000e+00	1
17	29	21	25	0.00000000000000e+00	0.00000000000000e+00	0.00000000000000e+00	0.00000000000000e+00	0.00000000000000e+00	2.73747000000000e-01	0.00000000000000e+00	0.00000000000000e+00	1
18	30	22	26	0.00000000000000e+00	0.00000000000000e+00	0.00000000000000e+00	0.00000000000000e+00	0.00000000000000e+00	1.63134000000000e-01	0.00000000000000e+00	0.00000000000000e+00	1
19	31	23	27	0.00000000000000e+00	0.00000000000000e+00	0.00000000000000e+00	0.00000000000000e+00	0.00000000000000e+00	1.31502000000000e-01	0.00000000000000e+00	0.00000000000000e+00	1
20	32	24	28	0.00000000000000e+00	0.00000000000000e+00	0.00000000000000e+00	0.00000000000000e+00	0.00000000000000e+00	1.84620000000000e-01	0.00000000000000e+00	0.00000000000000e+00	1
21	33	25	29	0.00000000000000e+00	0.00000000000000e+00	0.00000000000000e+00	0.00000000000000e+00	0.00000000000000e+00	3.06373000000000e-01	0.00000000000000e+00	0.00000000000000e+00	1
22	34	26	30	0.00000000000000e+00	0.00000000000000e+00	0.00000000000000e+00	0.00000000000000e+00	0.00000000000000e+00	4.89401000000000e-01	0.00000000000000e+00	0.00000000000000e+00	1
23	35	27	31	0.00000000000000e+00	0.00000000000000e+00	0.00000000000000e+00	0.00000000000000e+00	0.00000000000000e+00	4.91391000000000e-01	0.00000000000000e+00	0.00000000000000e+00	1
24	36	28	32	0.00000000000000e+00	0.00000000000000e+00	0.00000000000000e+00	0.00000000000000e+00	0.00000000000000e+00	3.86150000000000e-01	0.00000000000000e+00	0.00000000000000e+00	1
25	37	29	33	0.00000000000000e+00	0.00000000000000e+00	0.00000000000000e+00	0.00000000000000e+00	0.00000000000000e+00	2.82102000000000e-01	0.00000000000000e+00	0.00000000000000e+00	1
26	38	30	34	0.00000000000000e+00	0.00000000000000e+00	0.00000000000000e+00	0.00000000000000e+00	0.00000000000000e+00	1.34486000000000e-01	0.00000000000000e+00	0.00000000000000e+00	1
1	16	6	11	0.00000000000000e+00	0.00000000000000e+00	0.00000000000000e+00	0.00000000000000e+00	0.00000000000000e+00	1.56608000000000e-01	0.00000000000000e+00	0.00000000000000e+00	1
2	17	7	12	0.00000000000000e+00	0.00000000000000e+00	0.00000000000000e+00	0.00000000000000e+00	0.00000000000000e+00	1.55972000000000e-01	0.00000000000000e+00	0.00000000000000e+00	1
3	18	8	13	0.00000000000000e+00	0.00000000000000e+00	0.00000000000000e+00	0.00000000000000e+00	0.00000000000000e+00	1.33849000000000e-01	0.00000000000000e+00	0.00000000000000e+00	1
4	19	9	14	0.00000000000000e+00	0.00000000000000e+00	0.00000000000000e+00	0.00000000000000e+00	0.00000000000000e+00	1.39261000000000e-01	0.00000000000000e+00	0.00000000000000e+00	1
5	20	10	15	0.00000000000000e+00	0.00000000000000e+00	0.00000000000000e+00	0.00000000000000e+00	0.00000000000000e+00	1.40216000000000e-01	0.00000000000000e+00	0.00000000000000e+00	1
6	21	11	16	0.00000000000000e+00	0.00000000000000e+00	0.00000000000000e+00	0.00000000000000e+00	0.00000000000000e+00	1.21594000000000e-01	0.00000000000000e+00	0.00000000000000e+00	1
7	22	12	17	0.00000000000000e+00	0.00000000000000e+00	0.00000000000000e+00	0.00000000000000e+00	0.00000000000000e+00	1.20799000000000e-01	0.00000000000000e+00	0.00000000000000e+00	1
8	23	13	18	0.00000000000000e+00	0.00000000000000e+00	0.00000000000000e+00	0.00000000000000e+00	0.00000000000000e+00	1.36396000000000e-01	0.00000000000000e+00	0.00000000000000e+00	1
9	24	14	19	0.00000000000000e+00	0.00000000000000e+00	0.00000000000000e+00	0.00000000000000e+00	0.00000000000000e+00	1.29234000000000e-01	0.00000000000000e+00	0.00000000000000e+00	1
10	25	15	20	0.00000000000000e+00	0.00000000000000e+00	0.00000000000000e+00	0.00000000000000e+00	0.00000000000000e+00	1.60428000000000e-01	0.00000000000000e+00	0.00000000000000e+00	1
11	26	16	21	0.00000000000000e+00	0.00000000000000e+00	0.00000000000000e+00	0.00000000000000e+00	0.00000000000000e+00	2.32685000000000e-01	0.00000000000000e+00	0.00000000000000e+00	1
12	27	17	22	0.00000000000000e+00	0.00000000000000e+00	0.00000000000000e+00	0.00000000000000e+00	0.00000000000000e+00	2.89025000000000e-01	0.00000000000000e+00	0.00000000000000e+00	1
13	28	18	23	0.00000000000000e+00	0.00000000000000e+00	0.00000000000000e+00	0.00000000000000e+00	0.00000000000000e+00	2.62128000000000e-01	0.00000000000000e+00	0.00000000000000e+00	1
14	29	19	24	0.00000000000000e+00	0.00000000000000e+00	0.00000000000000e+00	0.00000000000000e+00	0.00000000000000e+00	2.32207000000000e-01	0.00000000000000e+00	0.00000000000000e+00	1
15	30	20	25	0.00000000000000e+00	0.00000000000000e+00	0.00000000000000e+00	0.00000000000000e+00	0.00000000000000e+00	1.49606000000000e-01	0.00000000000000e+00	0.00000000000000e+00	1
16	31	21	26	0.00000000000000e+00	0.00000000000000e+00	0.00000000000000e+00	0.00000000000000e+00	0.00000000000000e+00	1.26528000000000e-01	0.00000000000000e+00	0.00000000000000e+00	1
17	32	22	27	0.00000000000000e+00	0.00000000000000e+00	0.00000000000000e+00	0.00000000000000e+00	0.00000000000000e+00	1.08862000000000e-01	0.00000000000000e+00	0.00000000000000e+00	1
18	33	23	28	0.00000000000000e+00	0.00000000000000e+00	0.00000000000000e+00	0.00000000000000e+00	0.00000000000000e+00	1.26528000000000e-01	0.00000000000000e+00	0.00000000000000e+00	1
19	34	24	29	0.00000000000000e+00	0.00000000000000e+00	0.00000000000000e+00	0.00000000000000e+00	0.00000000000000e+00	1.47537000000000e-01	0.00000000000000e+00	0.00000000000000e+00	1
20	35	25	30	0.00000000000000e+00	0.00000000000000e+00	0.00000000000000e+00	0.00000000000000e+00	0.00000000000000e+00	2.17406000000000e-01	0.00000000000000e+00	0.00000000000000e+00	1
21	36	26	31	0.00000000000000e+00	0.00000000000000e+00	0.00000000000000e+00	0.00000000000000e+00	0.00000000000000e+00	2.58627000000000e-01	0.00000000000000e+00	0.00000000000000e+00	1
22	37	27	32	0.00000000000000e+00	0.00000000000000e+00	0.00000000000000e+00	0.00000000000000e+00	0.00000000000000e+00	3.10193000000000e-01	0.00000000000000e+00	0.00000000000000e+00	1
23	38	28	33	0.00000000000000e+00	0.00000000000000e+00	0.00000000000000e+00	0.00000000000000e+00	0.00000000000000e+00	2.54330000000000e-01	0.00000000000000e+00	0.00000000000000e+00	1
1	19	7	13	0.00000000000000e+00	0.00000000000000e+00	0.00000000000000e+00	0.00000000000000e+00	0.00000000000000e+00	1.01594000000000e-01	0.00000000000000e+00	0.00000000000000e+00	1
2	20	8	14	0.00000000000000e+00	0.00000000000000e+00	0.00000000000000e+00	0.00000000000000e+00	0.00000000000000e+00	1.16316000000000e-01	0.00000000000000e+00	0.00000000000000e+00	1
3	21	9	15	0.00000000000000e+00	0.00000000000000e+00	0.00000000000000e+00	0.00000000000000e+00	0.00000000000000e+00	1.01461000000000e-01	0.00000000000000e+00	0.00000000000000e+00	1
4	22	10	16	0.00000000000000e+00	0.00000000000000e+00	0.00000000000000e+00	0.00000000000000e+00	0.00000000000000e+00	9.61561000000000e-02	0.00000000000000e+00	0.00000000000000e+00	1
5	23	11	17	0.00000000000000e+00	0.00000000000000e+00	0.00000000000000e+00	0.00000000000000e+00	0.00000000000000e+00	8.70047000000000e-02	0.00000000000000e+00	0.00000000000000e+00	1
6	24	12	18	0.00000000000000e+00	0.00000000000000e+00	0.00000000000000e+00	0.00000000000000e+00	0.00000000000000e+00	9.46972000000000e-02	0.00000000000000e+00	0.00000000000000e+00	1
7	25	13	19	0.00000000000000e+00	0.00000000000000e+00	0.00000000000000e+00	0.00000000000000e+00	0.00000000000000e+00	1.05573000000000e-01	0.00000000000000e+00	0.00000000000000e+00	1
8	26	14	20	0.00000000000000e+00	0.00000000000000e+00	0.00000000000000e+00	0.00000000000000e+00	0.00000000000000e+00	1.26263000000000e-01	0.00000000000000e+00	0.00000000000000e+00	1
9	27	15	21	0.00000000000000e+00	0.00000000000000e+00	0.00000000000000e+00	0.00000000000000e+00	0.00000000000000e+00	1.73479000000000e-01	0.00000000000000e+00	0.00000000000000e+00	1
10	28	16	22	0.00000000000000e+00	0.00000000000000e+00	0.00000000000000e+00	0.00000000000000e+00	0.00000000000000e+00	1.91251000000000e-01	0.00000000000000e+00	0.00000000000000e+00	1
11	29	17	23	0.00000000000000e+00	0.00000000000000e+00	0.00000000000000e+00	0.00000000000000e+00	0.00000000000000e+00	1.88864000000000e-01	0.00000000000000e+00	0.00000000000000e+00	1
12	30	18	24	0.00000000000000e+00	0.00000000000000e+00	0.00000000000000e+00	0.00000000000000e+00	0.00000000000000e+00	1.24539000000000e-01	0.00000000000000e+00	0.00000000000000e+00	1
13	31	19	25	0.00000000000000e+00	0.00000000000000e+00	0.00000000000000e+00	0.00000000000000e+00	0.00000000000000e+00	1.11143000000000e-01	0.00000000000000e+00	0.00000000000000e+00	1
14	32	20	26	0.00000000000000e+00	0.00000000000000e+00	0.00000000000000e+00	0.00000000000000e+00	0.00000000000000e+00	1.03053000000000e-01	0.00000000000000e+00	0.00000000000000e+00	1
15	33	21	27	0.00000000000000e+00	0.00000000000000e+00	0.00000000000000e+00	0.00000000000000e+00	0.00000000000000e+00	1.00400000000000e-01	0.00000000000000e+00	0.00000000000000e+00	1
16	34	22	28	0.00000000000000e+00	0.00000000000000e+00	0.00000000000000e+00	0.00000000000000e+00	0.00000000000000e+00	1.07297000000000e-01	0.00000000000000e+00	0.00000000000000e+00	1
17	35	23	29	0.00000000000000e+00	0.00000000000000e+00	0.00000000000000e+00	0.00000000000000e+00	0.00000000000000e+00	1.17509000000000e-01	0.00000000000000e+00	0.00000000000000e+00	1
18	36	24	30	0.00000000000000e+00	0.00000000000000e+00	0.00000000000000e+00	0.00000000000000e+00	0.00000000000000e+00	1.44831000000000e-01	0.00000000000000e+00	0.00000000000000e+00	1
19	37	25	31	0.00000000000000e+00	0.00000000000000e+00	0.00000000000000e+00	0.00000000000000e+00	0.00000000000000e+00	1.30640000000000e-01	0.00000000000000e+00	0.00000000000000e+00	1
20	38	26	32	0.00000000000000e+00	0.00000000000000e+00	0.00000000000000e+00	0.00000000000000e+00	0.00000000000000e+00	1.41250000000000e-01	0.00000000000000e+00	0.00000000000000e+00	1
1	22	8	15	0.00000000000000e+00	0.00000000000000e+00	0.00000000000000e+00	0.00000000000000e+00	0.00000000000000e+00	7.82133000000000e-02	0.00000000000000e+00	0.00000000000000e+00	1
2	23	9	16	0.00000000000000e+00	0.00000000000000e+00	0.00000000000000e+00	0.00000000000000e+00	0.00000000000000e+00	8.53753000000000e-02	0.00000000000000e+00	0.00000000000000e+00	1
3	24	10	17	0.00000000000000e+00	0.00000000000000e+00	0.00000000000000e+00	0.00000000000000e+00	0.00000000000000e+00	7.87817000000000e-02	0.00000000000000e+00	0.00000000000000e+00	1
4	25	11	18	0.00000000000000e+00	0.00000000000000e+00	0.00000000000000e+00	0.00000000000000e+00	0.00000000000000e+00	7.35523000000000e-02	0.00000000000000e+00	0.00000000000000e+00	1
5	26	12	19	0.00000000000000e+00	0.00000000000000e+00	0.00000000000000e+00	0.00000000000000e+00	0.00000000000000e+00	7.58260000000000e-02	0.00000000000000e+00	0.00000000000000e+00	1
6	27	13	20	0.00000000000000e+00	0.00000000000000e+00	0.00000000000000e+00	0.00000000000000e+00	0.00000000000000e+00	1.00040000000000e-01	0.00000000000000e+00	0.00000000000000e+00	1
7	28	14	21	0.00000000000000e+00	0.00000000000000e+00	0.00000000000000e+00	0.00000000000000e+00	0.00000000000000e+00	1.20503000000000e-01	0.00000000000000e+00	0.00000000000000e+00	1
8	29	15	22	0.00000000000000e+00	0.00000000000000e+00	0.00000000000000e+00	0.00000000000000e+00	0.00000000000000e+00	1.36191000000000e-01	0.00000000000000e+00	0.00000000000000e+00	1
9	30	16	23	0.00000000000000e+00	0.00000000000000e+00	0.00000000000000e+00	0.00000000000000e+00	0.00000000000000e+00	1.09362000000000e-01	0.00000000000000e+00	0.00000000000000e+00	1
10	31	17	24	0.00000000000000e+00	0.00000000000000e+00	0.00000000000000e+00	0.00000000000000e+00	0.00000000000000e+00	9.70845000000000e-02	0.00000000000000e+00	0.00000000000000e+00	1
11	32	18	25	0.00000000000000e+00	0.00000000000000e+00	0.00000000000000e+00	0.00000000000000e+00	0.00000000000000e+00	9.23099000000000e-02	0.00000000000000e+00	0.00000000000000e+00	1
12	33	19	26	0.00000000000000e+00	0.00000000000000e+00	0.00000000000000e+00	0.00000000000000e+00	0.00000000000000e+00	9.46972000000000e-02	0.00000000000000e+00	0.00000000000000e+00	1
13	34	20	27	0.00000000000000e+00	0.00000000000000e+00	0.00000000000000e+00	0.00000000000000e+00	0.00000000000000e+00	9.19688000000000e-02	0.00000000000000e+00	0.00000000000000e+00	1
14	35	21	28	0.00000000000000e+00	0.00000000000000e+00	0.00000000000000e+00	0.00000000000000e+00	0.00000000000000e+00	9.78803000000000e-02	0.00000000000000e+00	0.00000000000000e+00	1
15	36	22	29	0.00000000000000e+00	0.00000000000000e+00	0.00000000000000e+00	0.00000000000000e+00	0.00000000000000e+00	9.82213000000000e-02	0.00000000000000e+00	0.00000000000000e+00	1
16	37	23	30	0.00000000000000e+00	0.00000000000000e+00	0.00000000000000e+00	0.00000000000000e+00	0.00000000000000e+00	1.12318000000000e-01	0.00000000000000e+00	0.00000000000000e+00	1
17	38	24	31	0.00000000000000e+00	0.00000000000000e+00	0.00000000000000e+00	0.00000000000000e+00	0.00000000000000e+00	1.02655000000000e-01	0.00000000000000e+00	0.00000000000000e+00	1
1	25	9	17	0.00000000000000e+00	0.00000000000000e+00	0.00000000000000e+00	0.00000000000000e+00	0.00000000000000e+00	5.56048000000000e-02	0.00000000000000e+00	0.00000000000000e+00	1
2	26	10	18	0.00000000000000e+00	0.00000000000000e+00	0.00000000000000e+00	0.00000000000000e+00	0.00000000000000e+00	7.41065000000000e-02	0.00000000000000e+00	0.00000000000000e+00	1
3	27	11	19	0.00000000000000e+00	0.00000000000000e+00	0.00000000000000e+00	0.00000000000000e+00	0.00000000000000e+00	6.21699000000000e-02	0.00000000000000e+00	0.00000000000000e+00	1
4	28	12	20	0.00000000000000e+00	0.00000000000000e+00	0.00000000000000e+00	0.00000000000000e+00	0.00000000000000e+00	6.79393000000000e-02	0.00000000000000e+00	0.00000000000000e+00	1
5	29	13	21	0.00000000000000e+00	0.00000000000000e+00	0.00000000000000e+00	0.00000000000000e+00	0.00000000000000e+00	8.70379000000000e-02	0.00000000000000e+00	0.00000000000000e+00	1
6	30	14	22	0.00000000000000e+00	0.00000000000000e+00	0.00000000000000e+00	0.00000000000000e+00	0.00000000000000e+00	8.31585000000000e-02	0.00000000000000e+00	0.00000000000000e+00	1
7	31	15	23	0.00000000000000e+00	0.00000000000000e+00	0.00000000000000e+00	0.00000000000000e+00	0.00000000000000e+00	8.59437000000000e-02	0.00000000000000e+00	0.00000000000000e+00	1
8	32	16	24	0.00000000000000e+00	0.00000000000000e+00	0.00000000000000e+00	0.00000000000000e+00	0.00000000000000e+00	8.07711000000000e-02	0.00000000000000e+00	0.00000000000000e+00	1
9	33	17	25	0.00000000000000e+00	0.00000000000000e+00	0.00000000000000e+00	0.00000000000000e+00	0.00000000000000e+00	8.08706000000000e-02	0.00000000000000e+00	0.00000000000000e+00	1
10	34	18	26	0.00000000000000e+00	0.00000000000000e+00	0.00000000000000e+00	0.00000000000000e+00	0.00000000000000e+00	7.98759000000000e-02	0.00000000000000e+00	0.00000000000000e+00	1
11	35	19	27	0.00000000000000e+00	0.00000000000000e+00	0.00000000000000e+00	0.00000000000000e+00	0.00000000000000e+00	8.81320000000000e-02	0.00000000000000e+00	0.00000000000000e+00	1
12	36	20	28	0.00000000000000e+00	0.00000000000000e+00	0.00000000000000e+00	0.00000000000000e+00	0.00000000000000e+00	9.13151000000000e-02	0.00000000000000e+00	0.00000000000000e+00	1
13	37	21	29	0.00000000000000e+00	0.00000000000000e+00	0.00000000000000e+00	0.00000000000000e+00	0.00000000000000e+00	8.99225000000000e-02	0.00000000000000e+00	0.00000000000000e+00	1
14	38	22	30	0.00000000000000e+00	0.00000000000000e+00	0.00000000000000e+00	0.00000000000000e+00	0.00000000000000e+00	9.61893000000000e-02	0.00000000000000e+00	0.00000000000000e+00	1
1	28	10	19	0.00000000000000e+00	0.00000000000000e+00	0.00000000000000e+00	0.00000000000000e+00	0.00000000000000e+00	5.08412000000000e-02	0.00000000000000e+00	0.00000000000000e+00	1
2	29	11	20	0.00000000000000e+00	0.00000000000000e+00	0.00000000000000e+00	0.00000000000000e+00	0.00000000000000e+00	5.65000000000000e-02	0.00000000000000e+00	0.00000000000000e+00	1
3	30	12	21	0.00000000000000e+00	0.00000000000000e+00	0.00000000000000e+00	0.00000000000000e+00	0.00000000000000e+00	5.60579000000000e-02	0.00000000000000e+00	0.00000000000000e+00	1
4	31	13	22	0.00000000000000e+00	0.00000000000000e+00	0.00000000000000e+00	0.00000000000000e+00	0.00000000000000e+00	6.41041000000000e-02	0.00000000000000e+00	0.00000000000000e+00	1
5	32	14	23	0.00000000000000e+00	0.00000000000000e+00	0.00000000000000e+00	0.00000000000000e+00	0.00000000000000e+00	6.81714000000000e-02	0.00000000000000e+00	0.00000000000000e+00	1
6	33	15	24	0.00000000000000e+00	0.00000000000000e+00	0.00000000000000e+00	0.00000000000000e+00	0.00000000000000e+00	7.18850000000000e-02	0.00000000000000e+00	0.00000000000000e+00	1
7	34	16	25	0.00000000000000e+00	0.00000000000000e+00	0.00000000000000e+00	0.00000000000000e+00	0.00000000000000e+00	7.21502000000000e-02	0.00000000000000e+00	0.00000000000000e+00	1
8	35	17	26	0.00000000000000e+00	0.00000000000000e+00	0.00000000000000e+00	0.00000000000000e+00	0.00000000000000e+00	7.17966000000000e-02	0.00000000000000e+00	0.00000000000000e+00	1
9	36	18	27	0.00000000000000e+00	0.00000000000000e+00	0.00000000000000e+00	0.00000000000000e+00	0.00000000000000e+00	7.31229000000000e-02	0.00000000000000e+00	0.00000000000000e+00	1
10	37	19	28	0.00000000000000e+00	0.00000000000000e+00	0.00000000000000e+00	0.00000000000000e+00	0.00000000000000e+00	8.23185000000000e-02	0.00000000000000e+00	0.00000000000000e+00	1
11	38	20	29	0.00000000000000e+00	0.00000000000000e+00	0.00000000000000e+00	0.00000000000000e+00	0.00000000000000e+00	9.08067000000000e-02	0.00000000000000e+00	0.00000000000000e+00	1
1	31	11	21	0.00000000000000e+00	0.00000000000000e+00	0.00000000000000e+00	0.00000000000000e+00	0.00000000000000e+00	4.86218000000000e-02	0.00000000000000e+00	0.00000000000000e+00	1
2	32	12	22	0.00000000000000e+00	0.00000000000000e+00	0.00000000000000e+00	0.00000000000000e+00	0.00000000000000e+00	5.41127000000000e-02	0.00000000000000e+00	0.00000000000000e+00	1
3	33	13	23	0.00000000000000e+00	0.00000000000000e+00	0.00000000000000e+00	0.00000000000000e+00	0.00000000000000e+00	6.06380000000000e-02	0.00000000000000e+00	0.00000000000000e+00	1
4	34	14	24	0.00000000000000e+00	0.00000000000000e+00	0.00000000000000e+00	0.00000000000000e+00	0.00000000000000e+00	6.14338000000000e-02	0.00000000000000e+00	0.00000000000000e+00	1
5	35	15	25	0.00000000000000e+00	0.00000000000000e+00	0.00000000000000e+00	0.00000000000000e+00	0.00000000000000e+00	6.35824000000000e-02	0.00000000000000e+00	0.00000000000000e+00	1
6	36	16	26	0.00000000000000e+00	0.00000000000000e+00	0.00000000000000e+00	0.00000000000000e+00	0.00000000000000e+00	6.40599000000000e-02	0.00000000000000e+00	0.00000000000000e+00	1
7	37	17	27	0.00000000000000e+00	0.00000000000000e+00	0.00000000000000e+00	0.00000000000000e+00	0.00000000000000e+00	6.51739000000000e-02	0.00000000000000e+00	0.00000000000000e+00	1
8	38	18	28	0.00000000000000e+00	0.00000000000000e+00	0.00000000000000e+00	0.00000000000000e+00	0.00000000000000e+00	6.86754000000000e-02	0.00000000000000e+00	0.00000000000000e+00	1
1	34	12	23	0.00000000000000e+00	0.00000000000000e+00	0.00000000000000e+00	0.00000000000000e+00	0.00000000000000e+00	4.68784000000000e-02	0.00000000000000e+00	0.00000000000000e+00	1
2	35	13	24	0.00000000000000e+00	0.00000000000000e+00	0.00000000000000e+00	0.00000000000000e+00	0.00000000000000e+00	5.71511000000000e-02	0.00000000000000e+00	0.00000000000000e+00	1
3	36	14	25	0.00000000000000e+00	0.00000000000000e+00	0.00000000000000e+00	0.00000000000000e+00	0.00000000000000e+00	5.62830000000000e-02	0.00000000000000e+00	0.00000000000000e+00	1
4	37	15	26	0.00000000000000e+00	0.00000000000000e+00	0.00000000000000e+00	0.00000000000000e+00	0.00000000000000e+00	5.69341000000000e-02	0.00000000000000e+00	0.00000000000000e+00	1
5	38	16	27	0.00000000000000e+00	0.00000000000000e+00	0.00000000000000e+00	0.00000000000000e+00	0.00000000000000e+00	5.72958000000000e-02	0.00000000000000e+00	0.00000000000000e+00	1
1	37	13	25	0.00000000000000e+00	0.00000000000000e+00	0.00000000000000e+00	0.00000000000000e+00	0.00000000000000e+00	4.52265000000000e-02	0.00000000000000e+00	0.00000000000000e+00	1
2	38	14	26	0.00000000000000e+00	0.00000000000000e+00	0.00000000000000e+00	0.00000000000000e+00	0.00000000000000e+00	5.10622000000000e-02	0.00000000000000e+00	0.00000000000000e+00	1
0
